8 0 1
8 1 1
8 2 1
8 3 1
8 4 1
8 5 1
8 6 1
8 7 1
8 8 1
8 9 1
8 10 1
8 11 1
8 12 1
8 13 1
8 14 1
8 15 1
8 16 1
8 17 1
8 18 1
8 19 1
8 20 1
8 21 1
8 22 1
8 23 1
8 24 1
8 25 1
8 26 1
8 27 1
8 28 1
8 29 1
8 30 1
8 31 1
8 32 1
8 33 1
8 34 1
8 35 1
8 36 1
8 37 1
8 38 1
8 39 1
8 40 1
8 41 1
8 42 1
8 43 1
8 44 1
8 45 1
8 46 1
8 47 1
8 48 1
8 49 1
8 50 1
8 51 1
8 52 1
8 53 1
8 54 1
8 55 1
8 56 1
8 57 1
8 58 1
8 59 1
8 60 1
8 61 1
8 62 1
8 63 1
8 64 1
8 65 1
8 66 1
8 67 1
8 68 1
8 69 1
8 70 1
8 71 1
8 72 1
8 73 1
8 74 1
8 75 1
8 76 1
8 77 1
8 78 1
8 79 1
8 80 1
8 81 1
8 82 1
8 83 1
8 84 1
8 85 1
8 86 1
8 87 1
8 88 1
8 89 1
8 90 1
8 91 1
8 92 1
8 93 1
8 94 1
8 95 1
8 96 1
8 97 1
8 98 1
8 99 1
8 100 1
8 101 1
8 102 1
8 103 1
8 104 1
8 105 1
8 106 1
8 107 1
8 108 1
8 109 1
8 110 1
8 111 1
8 112 1
8 113 1
8 114 1
8 115 1
8 116 1
8 117 1
8 118 1
8 119 1
8 120 1
8 121 1
8 122 1
8 123 1
8 124 1
8 125 1
8 126 1
8 127 1
8 128 1
8 129 1
8 130 1
8 131 1
8 132 1
8 133 1
8 134 1
8 135 1
8 136 1
8 137 1
8 138 1
8 139 1
8 140 1
8 141 1
8 142 1
8 143 1
8 144 1
8 145 1
8 146 1
8 147 1
8 148 1
8 149 1
8 150 1
8 151 1
8 152 1
8 153 1
8 154 1
8 155 1
8 156 1
8 157 1
8 158 1
8 159 1
8 160 1
8 161 1
8 162 1 
8 163 1
8 164 1
8 165 1
8 166 1 
8 167 1
8 168 1
8 168 1
8 169 1
8 170 1
8 171 1
8 172 1 
8 173 1
8 174 1
8 175 1
8 176 1 
8 177 1
8 178 1
8 178 1
8 179 1
8 180 1
8 181 1
8 182 1 
8 183 1
8 184 1
8 185 1
8 186 1 
8 187 1
8 188 1
8 188 1
8 189 1
8 190 1
8 191 1
8 192 1
8 193 1
8 194 1
8 195 1
8 196 1
8 197 1
8 198 1
8 199 1
8 200 1
8 201 1
8 202 1
8 203 1
8 204 1
8 205 1
8 206 1
8 207 1
8 208 1
8 209 1
8 210 1
8 211 1
8 212 1
8 213 1
8 214 1
8 215 1
8 216 1
8 217 1
8 218 1
8 219 1
8 220 1
8 221 1
8 222 1
8 223 1
8 224 1
8 225 1
8 226 1
8 227 1
8 228 1
8 229 1
8 230 1
8 231 1
8 232 1
8 233 1
8 234 1
8 235 1
8 236 1
8 237 1
8 238 1
8 239 1
8 240 1
8 241 1
8 242 1
8 243 1
8 244 1
8 245 1
8 246 1
8 247 1
8 248 1
8 249 1
8 250 1
8 251 1
8 252 1
8 253 1
8 254 1
8 255 1
8 256 1
8 257 1
8 258 1
8 259 1
8 260 1
8 261 1
8 262 1
8 263 1
8 264 1
8 265 1
8 266 1
8 267 1
8 268 1
8 269 1
8 270 1
8 271 1
8 272 1
8 273 1
8 274 1
8 275 1
8 276 1
8 277 1
8 278 1
8 279 1
8 280 1
8 281 1
8 282 1
8 283 1
8 284 1
8 285 1
8 286 1
8 287 1
8 288 1
8 289 1
8 290 1
8 291 1
8 292 1
8 293 1
8 294 1
8 295 1
8 0 2
8 1 2
8 2 2
8 3 2
8 4 2
8 5 2
8 6 2
8 7 2
8 8 2
8 9 2
8 10 2
8 11 2
8 12 2
8 13 2
8 14 2
8 15 2
8 16 2
8 17 2
8 18 2
8 19 2
8 20 2
8 21 2
8 22 2
8 23 2
8 24 2
8 25 2
8 26 2
8 27 2
8 28 2
8 29 2
8 30 2
8 31 2
8 32 2
8 33 2
8 34 2
8 35 2
8 36 2
8 37 2
8 38 2
8 39 2
8 40 2
8 41 2
8 42 2
8 43 2
8 44 2
8 45 2
8 46 2
8 47 2
8 48 2
8 49 2
8 50 2
8 51 2
8 52 2
8 53 2
8 54 2
8 55 2
8 56 2
8 57 2
8 58 2
8 59 2
8 60 2
8 61 2
8 62 2
8 63 2
8 64 2
8 65 2
8 66 2
8 67 2
8 68 2
8 69 2
8 70 2
8 71 2
8 72 2
8 73 2
8 74 2
8 75 2
8 76 2
8 77 2
8 78 2
8 79 2
8 80 2
8 81 2
8 82 2
8 83 2
8 84 2
8 85 2
8 86 2
8 87 2
8 88 2
8 89 2
8 90 2
8 91 2
8 92 2
8 93 2
8 94 2
8 95 2
8 96 2
8 97 2
8 98 2
8 99 2
8 100 2
8 101 2
8 102 2
8 103 2
8 104 2
8 105 2
8 106 2
8 107 2
8 108 2
8 109 2
8 110 2
8 111 2
8 112 2
8 113 2
8 114 2
8 115 2
8 116 2
8 117 2
8 118 2
8 119 2
8 120 2
8 121 2
8 122 2
8 123 2
8 124 2
8 125 2
8 126 2
8 127 2
8 128 2
8 129 2
8 130 2
8 131 2
8 132 2
8 133 2
8 134 2
8 135 2
8 136 2
8 137 2
8 138 2
8 139 2
8 140 2
8 141 2
8 142 2
8 143 2
8 144 2
8 145 2
8 146 2
8 147 2
8 148 2
8 149 2
8 150 2
8 151 2
8 152 2
8 153 2
8 154 2
8 155 2
8 156 2
8 157 2
8 158 2
8 159 2
8 160 2
8 161 2
8 162 2 
8 163 2
8 164 2
8 165 2
8 166 2 
8 167 2
8 168 2
8 168 2
8 169 2
8 170 2
8 171 2
8 172 2 
8 173 2
8 174 2
8 175 2
8 176 2 
8 177 2
8 178 2
8 178 2
8 179 2
8 180 2
8 181 2
8 182 2 
8 183 2
8 184 2
8 185 2
8 186 2 
8 187 2
8 188 2
8 188 2
8 189 2
8 190 2
8 191 2
8 192 2
8 193 2
8 194 2
8 195 2
8 196 2
8 197 2
8 198 2
8 199 2
8 200 2
8 201 2
8 202 2
8 203 2
8 204 2
8 205 2
8 206 2
8 207 2
8 208 2
8 209 2
8 210 2
8 211 2
8 212 2
8 213 2
8 214 2
8 215 2
8 216 2
8 217 2
8 218 2
8 219 2
8 220 2
8 221 2
8 222 2
8 223 2
8 224 2
8 225 2
8 226 2
8 227 2
8 228 2
8 229 2
8 230 2
8 231 2
8 232 2
8 233 2
8 234 2
8 235 2
8 236 2
8 237 2
8 238 2
8 239 2
8 240 2
8 241 2
8 242 2
8 243 2
8 244 2
8 245 2
8 246 2
8 247 2
8 248 2
8 249 2
8 250 2
8 251 2
8 252 2
8 253 2
8 254 2
8 255 2
8 256 2
8 257 2
8 258 2
8 259 2
8 260 2
8 261 2
8 262 2
8 263 2
8 264 2
8 265 2
8 266 2
8 267 2
8 268 2
8 269 2
8 270 2
8 271 2
8 272 2
8 273 2
8 274 2
8 275 2
8 276 2
8 277 2
8 278 2
8 279 2
8 280 2
8 281 2
8 282 2
8 283 2
8 284 2
8 285 2
8 286 2
8 287 2
8 288 2
8 289 2
8 290 2
8 291 2
8 292 2
8 293 2
8 294 2
8 295 2
1 6 5
1 7 5
20 8 4
1 12 4
42 15 3
41 16 3
7 18 5
7 19 5
40 21 7
43 23 3
1 25 4
44 26 4
1 27 4
42 30 3
20 32 6
7 37 4
7 38 4
7 39 4
7 40 4
42 41 3
43 43 3
43 46 3
41 47 3
20 50 6
1 52 5
1 53 5
20 55 4
40 57 7
7 58 5
7 59 5
1 61 4
1 62 4
20 63 3
41 64 3
42 66 3
43 68 3
7 69 5
7 70 5
1 75 5
1 77 5
44 78 3
40 79 7
43 80 3
42 84 3
1 85 4
20 88 5
7 90 4
7 91 4
7 92 4
4 93 5
41 94 3
43 96 3
20 97 4
1 99 5
44 100 3
1 102 4
20 104 5
42 106 3
7 108 4
7 109 4
1 118 5
41 120 3
42 121 3
43 124 3
7 126 5
20 135 5
42 136 3
7 137 4
44 141 3
7 143 4
7 144 4
43 145 3
20 146 4
6 276 3
4 5 6