8 0 1
8 1 1
8 2 1
8 3 1
8 4 1
8 5 1
8 6 1
8 7 1
8 8 1
8 9 1
8 10 1
8 11 1
8 12 1
8 13 1
8 14 1
8 15 1
8 16 1
8 17 1
8 18 1
8 19 1
8 20 1
8 21 1
8 22 1
8 23 1
8 24 1
8 25 1
8 26 1
8 27 1
8 28 1
8 29 1
8 30 1
8 31 1
8 32 1
8 33 1
8 34 1
8 35 1
8 36 1
8 37 1
8 38 1
8 39 1
8 40 1
8 41 1
8 42 1
8 43 1
8 44 1
8 45 1
8 46 1
8 47 1
8 48 1
8 49 1
8 0 2
8 1 2
8 2 2
8 3 2
8 4 2
8 5 2
8 6 2
8 7 2
8 8 2
8 9 2
8 10 2
8 11 2
8 12 2
8 13 2
8 14 2
8 15 2
8 16 2
8 17 2
8 18 2
8 19 2
8 20 2
8 21 2
8 22 2
8 23 2
8 24 2
8 25 2
8 26 2
8 27 2
8 28 2
8 29 2
8 30 2
8 31 2
8 32 2
8 33 2
8 34 2
8 35 2
8 36 2
8 37 2
8 38 2
8 39 2
8 40 2
8 41 2
8 42 2
8 43 2
8 44 2
8 45 2
8 46 2
8 47 2
8 48 2
8 49 2
45 3 3
7 16 6
7 23 6
40 20 6
4 5 6
44 18 3
44 19 3
44 20 3
44 21 3
44 22 3
44 23 3
44 24 3